Random Forest 

225 samples
 13 predictor
  2 classes: 'nonLC', 'LC' 

Pre-processing: nearest neighbor imputation (9), centered (9), scaled (9), remove (4) 
Resampling: Cross-Validated (10 fold, repeated 10 times) 
Summary of sample sizes: 202, 202, 203, 202, 202, 203, ... 
Addtional sampling using SMOTE prior to pre-processing

Resampling results across tuning parameters:

  mtry  threshold   ROC        Sens        Spec         DPM      
  1     0.01000000  0.8035737  1.00000000  0.000000000  1.0000000
  1     0.06157895  0.8035737  0.99224359  0.067111111  0.9332973
  1     0.11315789  0.8035737  0.97275641  0.189777778  0.8121230
  1     0.16473684  0.8035737  0.95455128  0.295111111  0.7091614
  1     0.21631579  0.8035737  0.93121795  0.369000000  0.6388373
  1     0.26789474  0.8035737  0.91403846  0.416666667  0.5960809
  1     0.31947368  0.8035737  0.89288462  0.473555556  0.5455491
  1     0.37105263  0.8035737  0.88019231  0.526222222  0.4984116
  1     0.42263158  0.8035737  0.85833333  0.568555556  0.4667286
  1     0.47421053  0.8035737  0.83820513  0.605666667  0.4417732
  1     0.52578947  0.8035737  0.81641026  0.635222222  0.4300230
  1     0.57736842  0.8035737  0.77480769  0.684444444  0.4106938
  1     0.62894737  0.8035737  0.72711538  0.736777778  0.4024431
  1     0.68052632  0.8035737  0.67333333  0.774777778  0.4200966
  1     0.73210526  0.8035737  0.58185897  0.833444444  0.4682018
  1     0.78368421  0.8035737  0.49750000  0.889777778  0.5279422
  1     0.83526316  0.8035737  0.40044872  0.931222222  0.6106164
  1     0.88684211  0.8035737  0.27185897  0.958888889  0.7324650
  1     0.93842105  0.8035737  0.11782051  0.978333333  0.8837156
  1     0.99000000  0.8035737  0.02333333  0.990555556  0.9773070
  2     0.01000000  0.7949056  1.00000000  0.009333333  0.9906667
  2     0.06157895  0.7949056  0.98442308  0.115777778  0.8849775
  2     0.11315789  0.7949056  0.96487179  0.230000000  0.7724982
  2     0.16473684  0.7949056  0.93743590  0.325777778  0.6807892
  2     0.21631579  0.7949056  0.90846154  0.383777778  0.6287005
  2     0.26789474  0.7949056  0.89269231  0.442555556  0.5740760
  2     0.31947368  0.7949056  0.87647436  0.499444444  0.5246087
  2     0.37105263  0.7949056  0.85685897  0.551111111  0.4838584
  2     0.42263158  0.7949056  0.83647436  0.592000000  0.4557503
  2     0.47421053  0.7949056  0.81307692  0.632333333  0.4298327
  2     0.52578947  0.7949056  0.78185897  0.670777778  0.4148013
  2     0.57736842  0.7949056  0.75064103  0.709000000  0.4081511
  2     0.62894737  0.7949056  0.70628205  0.758555556  0.4064022
  2     0.68052632  0.7949056  0.64634615  0.795888889  0.4312958
  2     0.73210526  0.7949056  0.57551282  0.830555556  0.4782478
  2     0.78368421  0.7949056  0.49500000  0.868555556  0.5372156
  2     0.83526316  0.7949056  0.40583333  0.909666667  0.6112987
  2     0.88684211  0.7949056  0.29801282  0.948555556  0.7082053
  2     0.93842105  0.7949056  0.15557692  0.979444444  0.8459860
  2     0.99000000  0.7949056  0.03275641  0.990666667  0.9677464
  3     0.01000000  0.7919156  0.99923077  0.016555556  0.9834740
  3     0.06157895  0.7919156  0.97666667  0.166555556  0.8348470
  3     0.11315789  0.7919156  0.95865385  0.259666667  0.7440100
  3     0.16473684  0.7919156  0.92884615  0.337555556  0.6703345
  3     0.21631579  0.7919156  0.90673077  0.392111111  0.6203519
  3     0.26789474  0.7919156  0.88820513  0.435444444  0.5819185
  3     0.31947368  0.7919156  0.87173077  0.493333333  0.5310690
  3     0.37105263  0.7919156  0.85365385  0.551888889  0.4844119
  3     0.42263158  0.7919156  0.83346154  0.596888889  0.4517942
  3     0.47421053  0.7919156  0.80839744  0.642555556  0.4248769
  3     0.52578947  0.7919156  0.78493590  0.676777778  0.4082658
  3     0.57736842  0.7919156  0.75371795  0.718333333  0.3975003
  3     0.62894737  0.7919156  0.72006410  0.755333333  0.3968949
  3     0.68052632  0.7919156  0.66865385  0.791888889  0.4148134
  3     0.73210526  0.7919156  0.59929487  0.818444444  0.4596016
  3     0.78368421  0.7919156  0.54121795  0.849555556  0.4999136
  3     0.83526316  0.7919156  0.43782051  0.891333333  0.5834353
  3     0.88684211  0.7919156  0.32685897  0.934000000  0.6830265
  3     0.93842105  0.7919156  0.20378205  0.970222222  0.7988942
  3     0.99000000  0.7919156  0.03442308  0.985444444  0.9664764
  4     0.01000000  0.7827407  0.99692308  0.033111111  0.9670071
  4     0.06157895  0.7827407  0.97487179  0.161222222  0.8402071
  4     0.11315789  0.7827407  0.94429487  0.264111111  0.7411068
  4     0.16473684  0.7827407  0.91769231  0.327111111  0.6827092
  4     0.21631579  0.7827407  0.89576923  0.394666667  0.6204414
  4     0.26789474  0.7827407  0.87557692  0.442333333  0.5794757
  4     0.31947368  0.7827407  0.85307692  0.494555556  0.5364218
  4     0.37105263  0.7827407  0.83891026  0.547333333  0.4921031
  4     0.42263158  0.7827407  0.81621795  0.587444444  0.4658904
  4     0.47421053  0.7827407  0.79435897  0.638888889  0.4336465
  4     0.52578947  0.7827407  0.77570513  0.680222222  0.4132274
  4     0.57736842  0.7827407  0.74448718  0.717777778  0.4064438
  4     0.62894737  0.7827407  0.71865385  0.743666667  0.4069156
  4     0.68052632  0.7827407  0.66891026  0.780111111  0.4221128
  4     0.73210526  0.7827407  0.61435897  0.810222222  0.4511543
  4     0.78368421  0.7827407  0.53673077  0.841888889  0.5073554
  4     0.83526316  0.7827407  0.45705128  0.873444444  0.5714424
  4     0.88684211  0.7827407  0.35846154  0.910555556  0.6563617
  4     0.93842105  0.7827407  0.22743590  0.955444444  0.7769318
  4     0.99000000  0.7827407  0.05230769  0.988555556  0.9485515
  5     0.01000000  0.7838116  0.99538462  0.043222222  0.9569583
  5     0.06157895  0.7838116  0.97032051  0.185666667  0.8163495
  5     0.11315789  0.7838116  0.95128205  0.265333333  0.7391743
  5     0.16473684  0.7838116  0.92006410  0.324888889  0.6854060
  5     0.21631579  0.7838116  0.89352564  0.388111111  0.6275963
  5     0.26789474  0.7838116  0.87333333  0.442666667  0.5806035
  5     0.31947368  0.7838116  0.85756410  0.491777778  0.5381733
  5     0.37105263  0.7838116  0.83487179  0.543777778  0.5004702
  5     0.42263158  0.7838116  0.81750000  0.598888889  0.4579217
  5     0.47421053  0.7838116  0.80192308  0.632666667  0.4363714
  5     0.52578947  0.7838116  0.77621795  0.671000000  0.4187950
  5     0.57736842  0.7838116  0.74820513  0.702333333  0.4129948
  5     0.62894737  0.7838116  0.71871795  0.731111111  0.4140787
  5     0.68052632  0.7838116  0.67442308  0.769444444  0.4238815
  5     0.73210526  0.7838116  0.62051282  0.802555556  0.4494338
  5     0.78368421  0.7838116  0.57134615  0.832444444  0.4818888
  5     0.83526316  0.7838116  0.48256410  0.864555556  0.5512936
  5     0.88684211  0.7838116  0.38730769  0.907111111  0.6286949
  5     0.93842105  0.7838116  0.25935897  0.950777778  0.7465271
  5     0.99000000  0.7838116  0.05833333  0.984333333  0.9427929
  6     0.01000000  0.7790427  0.99307692  0.055444444  0.9448353
  6     0.06157895  0.7790427  0.96634615  0.187333333  0.8149662
  6     0.11315789  0.7790427  0.94435897  0.270555556  0.7348051
  6     0.16473684  0.7790427  0.91288462  0.344000000  0.6673470
  6     0.21631579  0.7790427  0.88641026  0.407111111  0.6117095
  6     0.26789474  0.7790427  0.86846154  0.447000000  0.5779579
  6     0.31947368  0.7790427  0.84673077  0.494111111  0.5396124
  6     0.37105263  0.7790427  0.82307692  0.546444444  0.5015516
  6     0.42263158  0.7790427  0.80839744  0.589555556  0.4692258
  6     0.47421053  0.7790427  0.79596154  0.631000000  0.4391926
  6     0.52578947  0.7790427  0.77262821  0.678555556  0.4138135
  6     0.57736842  0.7790427  0.74307692  0.701666667  0.4175200
  6     0.62894737  0.7790427  0.71634615  0.731444444  0.4163918
  6     0.68052632  0.7790427  0.67737179  0.762444444  0.4256076
  6     0.73210526  0.7790427  0.62750000  0.793555556  0.4477242
  6     0.78368421  0.7790427  0.56974359  0.823000000  0.4837436
  6     0.83526316  0.7790427  0.50096154  0.863222222  0.5320990
  6     0.88684211  0.7790427  0.38891026  0.907444444  0.6296889
  6     0.93842105  0.7790427  0.26282051  0.943444444  0.7446714
  6     0.99000000  0.7790427  0.07897436  0.979444444  0.9225327
  7     0.01000000  0.7700573  0.98993590  0.062555556  0.9378630
  7     0.06157895  0.7700573  0.96410256  0.198222222  0.8042344
  7     0.11315789  0.7700573  0.94282051  0.277000000  0.7283853
  7     0.16473684  0.7700573  0.91141026  0.337888889  0.6728997
  7     0.21631579  0.7700573  0.89057692  0.398888889  0.6172305
  7     0.26789474  0.7700573  0.86865385  0.448000000  0.5758275
  7     0.31947368  0.7700573  0.84756410  0.518111111  0.5165345
  7     0.37105263  0.7700573  0.81397436  0.553666667  0.4988456
  7     0.42263158  0.7700573  0.79301282  0.595888889  0.4731259
  7     0.47421053  0.7700573  0.77750000  0.637444444  0.4466730
  7     0.52578947  0.7700573  0.75935897  0.672555556  0.4283081
  7     0.57736842  0.7700573  0.73596154  0.694444444  0.4262712
  7     0.62894737  0.7700573  0.70628205  0.719777778  0.4279288
  7     0.68052632  0.7700573  0.66660256  0.753111111  0.4379496
  7     0.73210526  0.7700573  0.62602564  0.779444444  0.4571197
  7     0.78368421  0.7700573  0.57391026  0.809444444  0.4876240
  7     0.83526316  0.7700573  0.50846154  0.854000000  0.5285283
  7     0.88684211  0.7700573  0.41589744  0.896333333  0.6052326
  7     0.93842105  0.7700573  0.27897436  0.939222222  0.7291190
  7     0.99000000  0.7700573  0.07820513  0.978333333  0.9233842
  8     0.01000000  0.7732393  0.98602564  0.087222222  0.9134807
  8     0.06157895  0.7732393  0.95461538  0.232888889  0.7713436
  8     0.11315789  0.7732393  0.93583333  0.294000000  0.7133411
  8     0.16473684  0.7732393  0.91070513  0.351111111  0.6622734
  8     0.21631579  0.7732393  0.88410256  0.405000000  0.6141184
  8     0.26789474  0.7732393  0.86602564  0.455555556  0.5705896
  8     0.31947368  0.7732393  0.84435897  0.510333333  0.5251777
  8     0.37105263  0.7732393  0.82115385  0.549333333  0.4998088
  8     0.42263158  0.7732393  0.79826923  0.585555556  0.4785706
  8     0.47421053  0.7732393  0.77173077  0.622666667  0.4604409
  8     0.52578947  0.7732393  0.75615385  0.652666667  0.4450510
  8     0.57736842  0.7732393  0.73903846  0.682555556  0.4317961
  8     0.62894737  0.7732393  0.70878205  0.719000000  0.4281105
  8     0.68052632  0.7732393  0.67532051  0.745555556  0.4374357
  8     0.73210526  0.7732393  0.62455128  0.775444444  0.4605302
  8     0.78368421  0.7732393  0.56916667  0.811555556  0.4903707
  8     0.83526316  0.7732393  0.50647436  0.850555556  0.5320458
  8     0.88684211  0.7732393  0.42583333  0.893111111  0.5966581
  8     0.93842105  0.7732393  0.30621795  0.930111111  0.7038483
  8     0.99000000  0.7732393  0.10147436  0.974444444  0.9003396

DPM was used to select the optimal model using the smallest value.
The final values used for the model were mtry = 3 and threshold = 0.6289474.
