Random Forest 

225 samples
 13 predictor
  2 classes: 'nonLC', 'LC' 

Pre-processing: nearest neighbor imputation (9), centered (9), scaled (9), remove (4) 
Resampling: Cross-Validated (10 fold, repeated 10 times) 
Summary of sample sizes: 202, 202, 203, 202, 202, 203, ... 
Resampling results across tuning parameters:

  mtry  threshold   ROC        Sens          Spec         DPM      
  1     0.01000000  0.8021229  1.0000000000  0.000000000  1.0000000
  1     0.06157895  0.8021229  1.0000000000  0.001111111  0.9988889
  1     0.11315789  0.8021229  0.9914743590  0.018888889  0.9814521
  1     0.16473684  0.8021229  0.9727564103  0.104555556  0.8968806
  1     0.21631579  0.8021229  0.9642307692  0.229777778  0.7730779
  1     0.26789474  0.8021229  0.9476923077  0.314222222  0.6908519
  1     0.31947368  0.8021229  0.9304487179  0.415888889  0.5927275
  1     0.37105263  0.8021229  0.9157051282  0.495888889  0.5170813
  1     0.42263158  0.8021229  0.8994230769  0.535000000  0.4842091
  1     0.47421053  0.8021229  0.8638461538  0.586333333  0.4493182
  1     0.52578947  0.8021229  0.8302564103  0.640000000  0.4153507
  1     0.57736842  0.8021229  0.7809615385  0.693666667  0.3999036
  1     0.62894737  0.8021229  0.7248717949  0.739222222  0.4080872
  1     0.68052632  0.8021229  0.6482051282  0.790888889  0.4362235
  1     0.73210526  0.8021229  0.5426923077  0.839333333  0.5050804
  1     0.78368421  0.8021229  0.4240384615  0.898555556  0.5980426
  1     0.83526316  0.8021229  0.2833333333  0.954888889  0.7219251
  1     0.88684211  0.8021229  0.1444871795  0.977222222  0.8571367
  1     0.93842105  0.8021229  0.0460897436  0.985666667  0.9548027
  1     0.99000000  0.8021229  0.0007692308  1.000000000  0.9992308
  2     0.01000000  0.7994637  1.0000000000  0.000000000  1.0000000
  2     0.06157895  0.7994637  0.9961538462  0.002111111  0.9980399
  2     0.11315789  0.7994637  0.9821153846  0.075555556  0.9252385
  2     0.16473684  0.7994637  0.9673076923  0.190777778  0.8113971
  2     0.21631579  0.7994637  0.9500000000  0.297222222  0.7071906
  2     0.26789474  0.7994637  0.9322435897  0.368000000  0.6395781
  2     0.31947368  0.7994637  0.9141025641  0.461555556  0.5507793
  2     0.37105263  0.7994637  0.8882051282  0.532222222  0.4898764
  2     0.42263158  0.7994637  0.8647435897  0.585000000  0.4492335
  2     0.47421053  0.7994637  0.8419871795  0.626666667  0.4226381
  2     0.52578947  0.7994637  0.8058974359  0.657555556  0.4142790
  2     0.57736842  0.7994637  0.7623717949  0.703333333  0.4063807
  2     0.62894737  0.7994637  0.7050641026  0.756222222  0.4121968
  2     0.68052632  0.7994637  0.6292948718  0.799333333  0.4489205
  2     0.73210526  0.7994637  0.5468589744  0.843888889  0.5014482
  2     0.78368421  0.7994637  0.4341666667  0.883333333  0.5918391
  2     0.83526316  0.7994637  0.3220512821  0.937111111  0.6865633
  2     0.88684211  0.7994637  0.1838461538  0.974333333  0.8185785
  2     0.93842105  0.7994637  0.0732692308  0.984555556  0.9278708
  2     0.99000000  0.7994637  0.0015384615  1.000000000  0.9984615
  3     0.01000000  0.7955199  1.0000000000  0.000000000  1.0000000
  3     0.06157895  0.7955199  0.9922435897  0.012333333  0.9879742
  3     0.11315789  0.7955199  0.9798076923  0.104777778  0.8962022
  3     0.16473684  0.7955199  0.9632692308  0.231333333  0.7715049
  3     0.21631579  0.7955199  0.9476923077  0.312444444  0.6924360
  3     0.26789474  0.7955199  0.9275641026  0.388333333  0.6206141
  3     0.31947368  0.7955199  0.9064743590  0.464777778  0.5495378
  3     0.37105263  0.7955199  0.8778846154  0.532444444  0.4930231
  3     0.42263158  0.7955199  0.8562179487  0.586000000  0.4518179
  3     0.47421053  0.7955199  0.8333333333  0.624555556  0.4281570
  3     0.52578947  0.7955199  0.8044230769  0.666777778  0.4086577
  3     0.57736842  0.7955199  0.7621153846  0.716888889  0.3962216
  3     0.62894737  0.7955199  0.7058974359  0.760444444  0.4094338
  3     0.68052632  0.7955199  0.6376923077  0.796333333  0.4414011
  3     0.73210526  0.7955199  0.5514102564  0.839777778  0.4986152
  3     0.78368421  0.7955199  0.4537820513  0.875777778  0.5766115
  3     0.83526316  0.7955199  0.3450641026  0.926111111  0.6668177
  3     0.88684211  0.7955199  0.2181410256  0.964111111  0.7854461
  3     0.93842105  0.7955199  0.0937179487  0.984555556  0.9073518
  3     0.99000000  0.7955199  0.0023076923  0.996777778  0.9978694
  4     0.01000000  0.7910595  1.0000000000  0.000000000  1.0000000
  4     0.06157895  0.7910595  0.9907051282  0.023888889  0.9764814
  4     0.11315789  0.7910595  0.9774358974  0.125111111  0.8763519
  4     0.16473684  0.7910595  0.9625000000  0.235444444  0.7674980
  4     0.21631579  0.7910595  0.9469230769  0.328666667  0.6766828
  4     0.26789474  0.7910595  0.9244230769  0.392555556  0.6165587
  4     0.31947368  0.7910595  0.9023717949  0.459000000  0.5559546
  4     0.37105263  0.7910595  0.8741666667  0.525222222  0.5009946
  4     0.42263158  0.7910595  0.8505769231  0.580222222  0.4585768
  4     0.47421053  0.7910595  0.8269871795  0.638777778  0.4180885
  4     0.52578947  0.7910595  0.8013461538  0.678222222  0.4018845
  4     0.57736842  0.7910595  0.7636538462  0.716888889  0.3948646
  4     0.62894737  0.7910595  0.7068589744  0.762333333  0.4043313
  4     0.68052632  0.7910595  0.6325000000  0.797444444  0.4469378
  4     0.73210526  0.7910595  0.5576923077  0.830333333  0.4955892
  4     0.78368421  0.7910595  0.4683974359  0.869444444  0.5644572
  4     0.83526316  0.7910595  0.3427564103  0.912777778  0.6717440
  4     0.88684211  0.7910595  0.2313461538  0.961000000  0.7725109
  4     0.93842105  0.7910595  0.1067948718  0.984555556  0.8944086
  4     0.99000000  0.7910595  0.0038461538  0.997888889  0.9962694
  5     0.01000000  0.7904078  1.0000000000  0.000000000  1.0000000
  5     0.06157895  0.7904078  0.9883974359  0.031000000  0.9694863
  5     0.11315789  0.7904078  0.9735897436  0.140888889  0.8608994
  5     0.16473684  0.7904078  0.9569871795  0.243333333  0.7604425
  5     0.21631579  0.7904078  0.9415384615  0.322888889  0.6825746
  5     0.26789474  0.7904078  0.9205128205  0.393666667  0.6161449
  5     0.31947368  0.7904078  0.9006410256  0.458333333  0.5568791
  5     0.37105263  0.7904078  0.8756410256  0.527888889  0.4988531
  5     0.42263158  0.7904078  0.8537179487  0.583000000  0.4555573
  5     0.47421053  0.7904078  0.8271153846  0.633666667  0.4223607
  5     0.52578947  0.7904078  0.7950641026  0.681333333  0.4001580
  5     0.57736842  0.7904078  0.7526923077  0.719111111  0.4013428
  5     0.62894737  0.7904078  0.7043589744  0.757888889  0.4108420
  5     0.68052632  0.7904078  0.6346153846  0.800666667  0.4405000
  5     0.73210526  0.7904078  0.5594871795  0.832555556  0.4957386
  5     0.78368421  0.7904078  0.4699358974  0.868666667  0.5624478
  5     0.83526316  0.7904078  0.3535256410  0.905555556  0.6646411
  5     0.88684211  0.7904078  0.2407692308  0.951888889  0.7645006
  5     0.93842105  0.7904078  0.1215384615  0.979555556  0.8798499
  5     0.99000000  0.7904078  0.0046153846  0.997888889  0.9955002
  6     0.01000000  0.7886859  0.9984615385  0.000000000  1.0000591
  6     0.06157895  0.7886859  0.9875000000  0.043333333  0.9572114
  6     0.11315789  0.7886859  0.9742948718  0.149666667  0.8521459
  6     0.16473684  0.7886859  0.9570512821  0.242444444  0.7612860
  6     0.21631579  0.7886859  0.9384615385  0.320444444  0.6862938
  6     0.26789474  0.7886859  0.9188461538  0.395555556  0.6148010
  6     0.31947368  0.7886859  0.8991025641  0.463111111  0.5536300
  6     0.37105263  0.7886859  0.8811538462  0.524222222  0.4992592
  6     0.42263158  0.7886859  0.8545512821  0.584555556  0.4537688
  6     0.47421053  0.7886859  0.8230769231  0.639000000  0.4199198
  6     0.52578947  0.7886859  0.7928846154  0.677222222  0.4068414
  6     0.57736842  0.7886859  0.7503205128  0.719111111  0.3996600
  6     0.62894737  0.7886859  0.7076282051  0.754222222  0.4071427
  6     0.68052632  0.7886859  0.6419230769  0.791000000  0.4400462
  6     0.73210526  0.7886859  0.5562820513  0.832666667  0.4966019
  6     0.78368421  0.7886859  0.4625641026  0.870666667  0.5708018
  6     0.83526316  0.7886859  0.3552564103  0.908666667  0.6604271
  6     0.88684211  0.7886859  0.2455769231  0.945777778  0.7609652
  6     0.93842105  0.7886859  0.1315384615  0.975555556  0.8704127
  6     0.99000000  0.7886859  0.0139102564  0.995777778  0.9863208
  7     0.01000000  0.7894405  0.9983974359  0.000000000  1.0000642
  7     0.06157895  0.7894405  0.9868589744  0.045555556  0.9549975
  7     0.11315789  0.7894405  0.9726923077  0.159555556  0.8424244
  7     0.16473684  0.7894405  0.9555128205  0.254000000  0.7500587
  7     0.21631579  0.7894405  0.9392307692  0.316555556  0.6897466
  7     0.26789474  0.7894405  0.9172435897  0.389222222  0.6215360
  7     0.31947368  0.7894405  0.8991666667  0.454888889  0.5611249
  7     0.37105263  0.7894405  0.8796794872  0.516555556  0.5073017
  7     0.42263158  0.7894405  0.8601923077  0.588111111  0.4493836
  7     0.47421053  0.7894405  0.8248717949  0.642000000  0.4170606
  7     0.52578947  0.7894405  0.7911538462  0.679444444  0.4066164
  7     0.57736842  0.7894405  0.7528205128  0.723111111  0.3979055
  7     0.62894737  0.7894405  0.6973717949  0.755000000  0.4153151
  7     0.68052632  0.7894405  0.6333333333  0.792222222  0.4449674
  7     0.73210526  0.7894405  0.5580128205  0.831333333  0.4972974
  7     0.78368421  0.7894405  0.4727564103  0.865666667  0.5630474
  7     0.83526316  0.7894405  0.3637820513  0.901555556  0.6553997
  7     0.88684211  0.7894405  0.2446153846  0.943555556  0.7622874
  7     0.93842105  0.7894405  0.1343589744  0.979555556  0.8673738
  7     0.99000000  0.7894405  0.0069230769  0.995777778  0.9932998
  8     0.01000000  0.7865264  0.9969230769  0.003222222  0.9968959
  8     0.06157895  0.7865264  0.9844871795  0.046444444  0.9542272
  8     0.11315789  0.7865264  0.9703846154  0.147555556  0.8545517
  8     0.16473684  0.7865264  0.9538461538  0.258111111  0.7457509
  8     0.21631579  0.7865264  0.9376282051  0.325000000  0.6814975
  8     0.26789474  0.7865264  0.9182692308  0.397666667  0.6129229
  8     0.31947368  0.7865264  0.8975641026  0.460111111  0.5569468
  8     0.37105263  0.7865264  0.8773076923  0.519777778  0.5047467
  8     0.42263158  0.7865264  0.8568589744  0.583666667  0.4536529
  8     0.47421053  0.7865264  0.8201923077  0.636111111  0.4248266
  8     0.52578947  0.7865264  0.7817948718  0.674111111  0.4171759
  8     0.57736842  0.7865264  0.7457051282  0.720333333  0.4032341
  8     0.62894737  0.7865264  0.7062179487  0.756111111  0.4079033
  8     0.68052632  0.7865264  0.6255769231  0.794222222  0.4515052
  8     0.73210526  0.7865264  0.5506410256  0.829444444  0.5029485
  8     0.78368421  0.7865264  0.4718589744  0.865444444  0.5623977
  8     0.83526316  0.7865264  0.3659615385  0.897222222  0.6537898
  8     0.88684211  0.7865264  0.2510897436  0.943777778  0.7563729
  8     0.93842105  0.7865264  0.1417307692  0.972444444  0.8606864
  8     0.99000000  0.7865264  0.0100641026  0.994666667  0.9902203

DPM was used to select the optimal model using the smallest value.
The final values used for the model were mtry = 4 and threshold = 0.5773684.
