"mtry" "threshold" "ROC" "Sens" "Spec" "DPM" "ROCSD" "SensSD" "SpecSD" "DPMSD"
1 0.01 0.791905982905983 0.997564102564103 0.0156666666666667 0.984436514688615 0.0935239159932522 0.0139308135391454 0.0407283421599032 0.0406653007955992
1 0.0615789473684211 0.791905982905983 0.986666666666667 0.171333333333333 0.829669416815455 0.0935239159932522 0.0386840666072935 0.119818002236965 0.119802714872723
1 0.113157894736842 0.791905982905983 0.973589743589744 0.242444444444444 0.759675072315561 0.0935239159932522 0.0496559731637985 0.142802373125574 0.142528951536444
1 0.164736842105263 0.791905982905983 0.955641025641026 0.306555555555556 0.697704706240879 0.0935239159932522 0.0607903678527606 0.135007216463857 0.133878628035257
1 0.216315789473684 0.791905982905983 0.930576923076923 0.355222222222222 0.652934881604488 0.0935239159932522 0.0698121280515943 0.147755835775989 0.144503509923166
1 0.267894736842105 0.791905982905983 0.910320512820513 0.418111111111111 0.595490919358449 0.0935239159932522 0.0805163868426561 0.14911013429223 0.143749248172319
1 0.319473684210526 0.791905982905983 0.889294871794872 0.467888888888889 0.55131657909541 0.0935239159932522 0.0873475563157847 0.155177470618176 0.151891894522193
1 0.371052631578947 0.791905982905983 0.876602564102564 0.518888888888889 0.505526751486146 0.0935239159932522 0.08944883979235 0.152311040961098 0.149156830926636
1 0.422631578947368 0.791905982905983 0.855512820512821 0.578 0.459285295827655 0.0935239159932522 0.0977078940498314 0.161216382651288 0.153081945182783
1 0.474210526315789 0.791905982905983 0.8375 0.613888888888889 0.435104906946492 0.0935239159932522 0.109228777312141 0.146993607305223 0.139893270978565
1 0.52578947368421 0.791905982905983 0.818846153846154 0.636222222222222 0.423504143803 0.0935239159932522 0.11271929544055 0.139812819126391 0.133809600447019
1 0.577368421052632 0.791905982905983 0.801666666666667 0.656666666666667 0.417145521807095 0.0935239159932522 0.121482033920975 0.145313795849697 0.137505726296562
1 0.628947368421053 0.791905982905983 0.778910256410256 0.686222222222222 0.405720963023857 0.0935239159932522 0.122576165395207 0.144553356160119 0.135918320391548
1 0.680526315789474 0.791905982905983 0.754679487179487 0.709222222222222 0.406094701421475 0.0935239159932522 0.13279111641305 0.139584609913142 0.129361813565656
1 0.732105263157895 0.791905982905983 0.724102564102564 0.754333333333333 0.399129115870548 0.0935239159932522 0.134943114337413 0.138515952730158 0.119721078392847
1 0.783684210526316 0.791905982905983 0.667820512820513 0.781 0.426010208752053 0.0935239159932522 0.14648942286197 0.136634178978743 0.129280382470227
1 0.835263157894737 0.791905982905983 0.578910256410256 0.831777777777778 0.471884476684501 0.0935239159932522 0.144582350847163 0.123192961644438 0.137290097730572
1 0.886842105263158 0.791905982905983 0.450128205128205 0.870777777777778 0.576978277188976 0.0935239159932522 0.146268817495357 0.108483578797378 0.138480434622102
1 0.938421052631579 0.791905982905983 0.287307692307692 0.919444444444444 0.723265144929868 0.0935239159932522 0.131106701785492 0.0892162182995993 0.127936493701282
1 0.99 0.791905982905983 0.145 0.973333333333333 0.857290852394816 0.0935239159932522 0.0828151161377412 0.0557460259024417 0.0819879810571922
2 0.01 0.773996794871795 0.994551282051282 0.0495555555555556 0.950676434922445 0.0966136732018779 0.0199693073317954 0.0667679739054872 0.0666425320310242
2 0.0615789473684211 0.773996794871795 0.984487179487179 0.198666666666667 0.802318388943696 0.0966136732018779 0.0364921415619714 0.12348879495368 0.123404192422227
2 0.113157894736842 0.773996794871795 0.968076923076923 0.264111111111111 0.738741810120769 0.0966136732018779 0.0530952126010706 0.139797075602196 0.138355340777522
2 0.164736842105263 0.773996794871795 0.941666666666667 0.326555555555556 0.679863877376733 0.0966136732018779 0.0682454317321734 0.146964081333314 0.144629890319352
2 0.216315789473684 0.773996794871795 0.908012820512821 0.403 0.610807788327252 0.0966136732018779 0.087833367367042 0.150186773190092 0.148230459731945
2 0.267894736842105 0.773996794871795 0.88698717948718 0.458111111111111 0.564063685556331 0.0966136732018779 0.104300309743207 0.150568238229007 0.147235397397265
2 0.319473684210526 0.773996794871795 0.858653846153846 0.507888888888889 0.525268349903212 0.0966136732018779 0.111157329309214 0.145097333071105 0.139697861274921
2 0.371052631578947 0.773996794871795 0.835384615384615 0.555222222222222 0.491905509190335 0.0966136732018779 0.118255038423144 0.152564272812544 0.14157118644087
2 0.422631578947368 0.773996794871795 0.814294871794872 0.598111111111111 0.463655181002181 0.0966136732018779 0.12162420395612 0.145138237101088 0.129193012335928
2 0.474210526315789 0.773996794871795 0.798012820512821 0.634111111111111 0.440270221919792 0.0966136732018779 0.121316810788728 0.149582742595542 0.13317213432837
2 0.52578947368421 0.773996794871795 0.778525641025641 0.662888888888889 0.42596781915955 0.0966136732018779 0.125354791718436 0.145105282761079 0.133514585822778
2 0.577368421052632 0.773996794871795 0.759038461538462 0.683666666666667 0.420757985228748 0.0966136732018779 0.12909267696135 0.143221578336888 0.134455598959593
2 0.628947368421053 0.773996794871795 0.726858974358974 0.707111111111111 0.425804717700488 0.0966136732018779 0.132098657398907 0.141707823954771 0.128062936456138
2 0.680526315789474 0.773996794871795 0.688012820512821 0.727777777777778 0.439111160241836 0.0966136732018779 0.134095006207554 0.141575585253753 0.128185445077771
2 0.732105263157895 0.773996794871795 0.627371794871795 0.761555555555556 0.464086247435202 0.0966136732018779 0.135699911549692 0.134334252827522 0.128813714008705
2 0.783684210526316 0.773996794871795 0.552179487179487 0.799444444444444 0.512446909217182 0.0966136732018779 0.148265517181938 0.133280713522557 0.133002832282703
2 0.835263157894737 0.773996794871795 0.478717948717949 0.855 0.555939509871558 0.0966136732018779 0.146150438215969 0.118963547889258 0.137981084586181
2 0.886842105263158 0.773996794871795 0.378076923076923 0.896666666666667 0.641382882986717 0.0966136732018779 0.146394756397405 0.106568183118011 0.136900794019306
2 0.938421052631579 0.773996794871795 0.251602564102564 0.932444444444444 0.756598039449604 0.0966136732018779 0.11483066182172 0.0861775023741742 0.112942276429639
2 0.99 0.773996794871795 0.118782051282051 0.973 0.883076788869911 0.0966136732018779 0.0769632923884591 0.0505427580896723 0.0768219618532504
3 0.01 0.768981481481481 0.990641025641026 0.083 0.917429091997295 0.0956643200759663 0.0254854774286449 0.0826734818522316 0.0823273926073776
3 0.0615789473684211 0.768981481481481 0.980641025641026 0.210333333333333 0.79089226993711 0.0956643200759663 0.0386658219868346 0.12437402809749 0.124039489048433
3 0.113157894736842 0.768981481481481 0.958076923076923 0.265 0.738643045239661 0.0956643200759663 0.0578713157135944 0.142802329462487 0.141753715271321
3 0.164736842105263 0.768981481481481 0.93474358974359 0.339 0.669331876922033 0.0956643200759663 0.0767144065998817 0.143021524615369 0.139447291849165
3 0.216315789473684 0.768981481481481 0.90724358974359 0.401888888888889 0.612024109661259 0.0956643200759663 0.0872362916160136 0.142913016169966 0.140421802638276
3 0.267894736842105 0.768981481481481 0.878461538461539 0.458555555555556 0.565879825444083 0.0956643200759663 0.106100487448459 0.145479799684437 0.141461262519797
3 0.319473684210526 0.768981481481481 0.848782051282051 0.514333333333333 0.52234797711513 0.0956643200759663 0.116882472576032 0.141150343176965 0.139046727070848
3 0.371052631578947 0.768981481481481 0.826153846153846 0.573444444444444 0.47742922762721 0.0956643200759663 0.118491370189713 0.14704042944462 0.140482363691912
3 0.422631578947368 0.768981481481481 0.79974358974359 0.599111111111111 0.467850191751855 0.0956643200759663 0.118704295878206 0.143519267946344 0.128205699583276
3 0.474210526315789 0.768981481481481 0.778461538461538 0.626777777777778 0.456533011187722 0.0956643200759663 0.123694680120519 0.142239889124366 0.123619492537763
3 0.52578947368421 0.768981481481481 0.755833333333333 0.659888888888889 0.442092241092326 0.0956643200759663 0.129490753513212 0.150245216696878 0.137787147221938
3 0.577368421052632 0.768981481481481 0.723782051282051 0.689111111111111 0.438280210962499 0.0956643200759663 0.133574107584675 0.141966837203954 0.136608901092395
3 0.628947368421053 0.768981481481481 0.690192307692308 0.716 0.440169900059139 0.0956643200759663 0.133197460180796 0.142504629827891 0.14409560128551
3 0.680526315789474 0.768981481481481 0.656346153846154 0.745888888888889 0.446566350687073 0.0956643200759663 0.133386912585605 0.133320753241173 0.136551111448563
3 0.732105263157895 0.768981481481481 0.6 0.774666666666667 0.477779601803033 0.0956643200759663 0.142428449526705 0.130889310001819 0.140509387774748
3 0.783684210526316 0.768981481481481 0.542948717948718 0.807 0.514083678187178 0.0956643200759663 0.143049277466224 0.130092056387215 0.138082155225268
3 0.835263157894737 0.768981481481481 0.478974358974359 0.846222222222222 0.557725214596078 0.0956643200759663 0.143042255544798 0.118494526191082 0.135642607354831
3 0.886842105263158 0.768981481481481 0.388653846153846 0.895888888888889 0.632068607927921 0.0956643200759663 0.143238203147417 0.113208652616795 0.135111499786694
3 0.938421052631579 0.768981481481481 0.289551282051282 0.928444444444444 0.720387404582912 0.0956643200759663 0.129935406938058 0.0898700062989515 0.125568587288069
3 0.99 0.768981481481481 0.133076923076923 0.968888888888889 0.869611450804326 0.0956643200759663 0.0874627845164999 0.0595740795688726 0.0863763710550721
4 0.01 0.766741452991453 0.989871794871795 0.0986666666666667 0.90185057855277 0.0956627972796358 0.0285250044308225 0.0929257306690488 0.0927921044735546
4 0.0615789473684211 0.766741452991453 0.975769230769231 0.210777777777778 0.790747866737026 0.0956627972796358 0.0438148354368151 0.119997661780437 0.120322144735012
4 0.113157894736842 0.766741452991453 0.954871794871795 0.293666666666667 0.711045972244464 0.0956627972796358 0.06619807222873 0.137570669071034 0.136447544398637
4 0.164736842105263 0.766741452991453 0.924615384615385 0.351 0.659227772049888 0.0956627972796358 0.0840110508995173 0.137741342345702 0.135112424264112
4 0.216315789473684 0.766741452991453 0.895512820512821 0.393111111111111 0.622773645938245 0.0956627972796358 0.0917311450156653 0.152738480814876 0.151793620131191
4 0.267894736842105 0.766741452991453 0.867307692307692 0.452777777777778 0.573480132616782 0.0956627972796358 0.103992817092402 0.150157875100825 0.146364085383918
4 0.319473684210526 0.766741452991453 0.850128205128205 0.509444444444444 0.525896055804218 0.0956627972796358 0.109150489168048 0.154488685538283 0.148943836905465
4 0.371052631578947 0.766741452991453 0.815705128205128 0.553777777777778 0.49804024132137 0.0956627972796358 0.113543891143175 0.152599130323156 0.145128685817981
4 0.422631578947368 0.766741452991453 0.784487179487179 0.604555555555556 0.468579625459933 0.0956627972796358 0.119480318006486 0.144932224830224 0.135524817044193
4 0.474210526315789 0.766741452991453 0.761025641025641 0.636555555555556 0.455404813571418 0.0956627972796358 0.120315653707814 0.14801589214413 0.134193360666639
4 0.52578947368421 0.766741452991453 0.741602564102564 0.664777777777778 0.446778501608718 0.0956627972796358 0.135298752012489 0.147211305526689 0.138932783739178
4 0.577368421052632 0.766741452991453 0.712628205128205 0.685666666666667 0.449610841087261 0.0956627972796358 0.129548308992795 0.151570693149511 0.137057679740002
4 0.628947368421053 0.766741452991453 0.671025641025641 0.710555555555555 0.463040133684117 0.0956627972796358 0.130202901436716 0.153346304693779 0.13355759828423
4 0.680526315789474 0.766741452991453 0.643782051282051 0.737111111111111 0.465060019652315 0.0956627972796358 0.133210547407338 0.143949077194126 0.134098922889767
4 0.732105263157895 0.766741452991453 0.598717948717949 0.764111111111111 0.487549820197205 0.0956627972796358 0.139712755806472 0.139457690491906 0.133122735062781
4 0.783684210526316 0.766741452991453 0.549358974358974 0.797555555555556 0.514274759613695 0.0956627972796358 0.137132520213842 0.133870783618278 0.126897741222886
4 0.835263157894737 0.766741452991453 0.488397435897436 0.841777777777778 0.552876425099825 0.0956627972796358 0.139029857932061 0.125271820678044 0.1262161882643
4 0.886842105263158 0.766741452991453 0.409551282051282 0.881777777777778 0.614414727252974 0.0956627972796358 0.129069525125002 0.111977764881733 0.118946163068205
4 0.938421052631579 0.766741452991453 0.319807692307692 0.924777777777778 0.690411796149921 0.0956627972796358 0.128795890260508 0.0875723918022161 0.125795416720859
4 0.99 0.766741452991453 0.164679487179487 0.967888888888889 0.838007288738245 0.0956627972796358 0.102704413058339 0.0581738775133716 0.102140421953265
5 0.01 0.756764245014245 0.989807692307692 0.112666666666667 0.887845481058409 0.0951160935541859 0.0286833878089439 0.0971474941283273 0.0971955124956412
5 0.0615789473684211 0.756764245014245 0.966410256410256 0.237111111111111 0.765618859277664 0.0951160935541859 0.0533769844079551 0.131906128880594 0.131046047850486
5 0.113157894736842 0.756764245014245 0.941346153846154 0.293555555555556 0.712847938648121 0.0951160935541859 0.0710690955964213 0.139183122678751 0.136812093829421
5 0.164736842105263 0.756764245014245 0.916602564102564 0.351111111111111 0.659617284107955 0.0951160935541859 0.081009758286153 0.142335462773996 0.140240436377618
5 0.216315789473684 0.756764245014245 0.895320512820513 0.411222222222222 0.606066723073324 0.0951160935541859 0.0939466740228302 0.154546147750475 0.15136943327028
5 0.267894736842105 0.756764245014245 0.874935897435898 0.462777777777778 0.562293941393081 0.0951160935541859 0.101977631559769 0.14556994814082 0.139799336500211
5 0.319473684210526 0.756764245014245 0.840512820512821 0.515555555555556 0.522453346919342 0.0951160935541859 0.108931615548916 0.135015575533392 0.130884442610641
5 0.371052631578947 0.756764245014245 0.808910256410256 0.558777777777778 0.496673492149367 0.0951160935541859 0.11694495571211 0.136433240746879 0.129001730521607
5 0.422631578947368 0.756764245014245 0.782820512820513 0.598333333333333 0.476128998318148 0.0951160935541859 0.118624406058683 0.15125014235296 0.136267300616128
5 0.474210526315789 0.756764245014245 0.754871794871795 0.630444444444444 0.464557295972068 0.0951160935541859 0.121219691752506 0.146050981298643 0.129140578516073
5 0.52578947368421 0.756764245014245 0.734615384615385 0.643111111111111 0.464026200389889 0.0951160935541859 0.116633290705357 0.142941154282905 0.127815766856379
5 0.577368421052632 0.756764245014245 0.708782051282051 0.676555555555556 0.456761808470485 0.0951160935541859 0.122835813294575 0.148105170533798 0.132750215054919
5 0.628947368421053 0.756764245014245 0.664294871794872 0.704555555555556 0.468061616575238 0.0951160935541859 0.126951442784248 0.140137774475307 0.128320101476769
5 0.680526315789474 0.756764245014245 0.633076923076923 0.723111111111111 0.480277881967188 0.0951160935541859 0.135578932150926 0.138036034701701 0.133690412173673
5 0.732105263157895 0.756764245014245 0.597884615384615 0.752888888888889 0.491788797063813 0.0951160935541859 0.138934769183695 0.128126153695316 0.128182526097888
5 0.783684210526316 0.756764245014245 0.555641025641026 0.790777777777778 0.508956378286341 0.0951160935541859 0.135219534517361 0.128096318901342 0.129249195153973
5 0.835263157894737 0.756764245014245 0.500961538461538 0.826111111111111 0.54554583590127 0.0951160935541859 0.139924638984456 0.12408412442334 0.128245698090846
5 0.886842105263158 0.756764245014245 0.435320512820513 0.870555555555556 0.591716189862605 0.0951160935541859 0.139219005805401 0.106496485548088 0.126758088119702
5 0.938421052631579 0.756764245014245 0.346025641025641 0.904555555555556 0.66882930138406 0.0951160935541859 0.128457340624282 0.0960251946612289 0.122780805295954
5 0.99 0.756764245014245 0.191282051282051 0.961 0.811943944081692 0.0951160935541859 0.10780340466549 0.0597725038248604 0.107002951228478
6 0.01 0.755071225071225 0.987564102564103 0.146666666666667 0.853993520889586 0.0931436649418831 0.030665726368702 0.10944884538828 0.109257076911367
6 0.0615789473684211 0.755071225071225 0.968846153846154 0.234111111111111 0.76850731800161 0.0931436649418831 0.0529938027400936 0.133988802245088 0.132979011273848
6 0.113157894736842 0.755071225071225 0.943782051282051 0.306333333333333 0.699933911885349 0.0931436649418831 0.0717924147191198 0.138122509604007 0.1363895189891
6 0.164736842105263 0.755071225071225 0.913333333333333 0.339555555555556 0.67239868343684 0.0931436649418831 0.0897134296454877 0.147670273040456 0.146109287758694
6 0.216315789473684 0.755071225071225 0.891538461538462 0.390222222222222 0.627970834638778 0.0931436649418831 0.0983483496431236 0.150538626404175 0.146530265767844
6 0.267894736842105 0.755071225071225 0.863269230769231 0.450777777777778 0.577435685464929 0.0931436649418831 0.108350036796047 0.148511801152908 0.143428131049656
6 0.319473684210526 0.755071225071225 0.833589743589744 0.504444444444444 0.537465356369846 0.0931436649418831 0.115574823798271 0.159278833657295 0.151553193190231
6 0.371052631578947 0.755071225071225 0.81474358974359 0.54 0.513527336910369 0.0931436649418831 0.12069597911783 0.15232332163364 0.140711849481522
6 0.422631578947368 0.755071225071225 0.787564102564103 0.580444444444444 0.487809841525918 0.0931436649418831 0.118976371233061 0.149639963639546 0.139911421837259
6 0.474210526315789 0.755071225071225 0.76724358974359 0.623777777777778 0.461024595723164 0.0931436649418831 0.120424669634541 0.144948787134051 0.136078403485864
6 0.52578947368421 0.755071225071225 0.734487179487179 0.646444444444444 0.46136909170582 0.0931436649418831 0.120743014458038 0.142811105474552 0.132044140357879
6 0.577368421052632 0.755071225071225 0.704935897435897 0.672 0.461446091528167 0.0931436649418831 0.126488950526217 0.13880900059332 0.129603313002332
6 0.628947368421053 0.755071225071225 0.661794871794872 0.705444444444444 0.469780168452326 0.0931436649418831 0.127686467050884 0.139159063819152 0.126189954232238
6 0.680526315789474 0.755071225071225 0.632051282051282 0.728111111111111 0.478671628715416 0.0931436649418831 0.13729133211733 0.13655347387867 0.132207757745934
6 0.732105263157895 0.755071225071225 0.584423076923077 0.751666666666667 0.505329816880881 0.0931436649418831 0.141492994881004 0.140424729398037 0.136171972799333
6 0.783684210526316 0.755071225071225 0.540705128205128 0.786 0.52529848775804 0.0931436649418831 0.13420119492126 0.128820175963932 0.123369488907316
6 0.835263157894737 0.755071225071225 0.481025641025641 0.822 0.565351224586546 0.0931436649418831 0.140898791576983 0.121715918980565 0.125998798248502
6 0.886842105263158 0.755071225071225 0.42974358974359 0.858222222222222 0.601384682786093 0.0931436649418831 0.143160711583672 0.114799825240704 0.130913744232482
6 0.938421052631579 0.755071225071225 0.365192307692308 0.894777777777778 0.6525582915573 0.0931436649418831 0.134800119293185 0.100360430384842 0.127845604678367
6 0.99 0.755071225071225 0.204615384615385 0.951222222222222 0.799689130137406 0.0931436649418831 0.0962538545784779 0.0669447063995881 0.0959913053161246
