"mtry" "threshold" "ROC" "Sens" "Spec" "DPM" "ROCSD" "SensSD" "SpecSD" "DPMSD"
1 0.01 0.792251780626781 0.996923076923077 0.0261111111111111 0.974014008445736 0.0978767537098454 0.0151497219666871 0.0455358420021662 0.0454577550696664
1 0.0615789473684211 0.792251780626781 0.980512820512821 0.186888888888889 0.814368061441487 0.0978767537098454 0.0403770605037365 0.122506352731841 0.122292173823042
1 0.113157894736842 0.792251780626781 0.966602564102564 0.279222222222222 0.723978499003277 0.0978767537098454 0.0541273521751083 0.13480903343507 0.132510109907614
1 0.164736842105263 0.792251780626781 0.947820512820513 0.338777777777778 0.666784247027504 0.0978767537098454 0.0634780508500328 0.147764612967692 0.145440811336271
1 0.216315789473684 0.792251780626781 0.928269230769231 0.393777777777778 0.615851181233045 0.0978767537098454 0.0765644699428585 0.152628546645209 0.149895667216995
1 0.267894736842105 0.792251780626781 0.909487179487179 0.447333333333333 0.566720848941453 0.0978767537098454 0.0810086566969133 0.144566295836915 0.140876379238354
1 0.319473684210526 0.792251780626781 0.896923076923077 0.492222222222222 0.526423033057002 0.0978767537098454 0.0848397502555509 0.149917880834441 0.144663792102957
1 0.371052631578947 0.792251780626781 0.883589743589744 0.527111111111111 0.497431909501327 0.0978767537098454 0.0891622865034804 0.155164813075839 0.147170335819622
1 0.422631578947368 0.792251780626781 0.867884615384615 0.554555555555556 0.477541543401414 0.0978767537098454 0.0977905891311363 0.153042837103788 0.143845317041996
1 0.474210526315789 0.792251780626781 0.845961538461538 0.581666666666667 0.459881222773807 0.0978767537098454 0.103287782146786 0.147307166905157 0.139566341488729
1 0.52578947368421 0.792251780626781 0.830384615384615 0.613777777777778 0.438992763447232 0.0978767537098454 0.109494621700702 0.154276608658117 0.144441725680148
1 0.577368421052632 0.792251780626781 0.810833333333333 0.649333333333333 0.420545223358589 0.0978767537098454 0.118194002890084 0.152563169338093 0.137678235361198
1 0.628947368421053 0.792251780626781 0.774807692307692 0.671888888888889 0.423053469402634 0.0978767537098454 0.12246152357553 0.152310672525623 0.13183878573248
1 0.680526315789474 0.792251780626781 0.748397435897436 0.713222222222222 0.406686045275009 0.0978767537098454 0.123129841505994 0.143875205724604 0.125747169108409
1 0.732105263157895 0.792251780626781 0.717115384615385 0.740444444444444 0.40770116800889 0.0978767537098454 0.123474140883901 0.143108908251375 0.129260962656749
1 0.783684210526316 0.792251780626781 0.680641025641026 0.766333333333333 0.419424694514297 0.0978767537098454 0.132689570644434 0.139069063829015 0.13200264250369
1 0.835263157894737 0.792251780626781 0.615897435897436 0.807666666666667 0.448889688010828 0.0978767537098454 0.139794964525675 0.129602642693509 0.138538625280606
1 0.886842105263158 0.792251780626781 0.509935897435897 0.844888888888889 0.529969980380988 0.0978767537098454 0.143827315653055 0.118717425681716 0.134037624586074
1 0.938421052631579 0.792251780626781 0.361858974358974 0.894222222222222 0.6569852158996 0.0978767537098454 0.147643725349939 0.108963304011717 0.142553507625378
1 0.99 0.792251780626781 0.139551282051282 0.959777777777778 0.863784678842604 0.0978767537098454 0.0947245711174529 0.0642040487065108 0.094440442341288
2 0.01 0.76008547008547 0.99301282051282 0.0703333333333333 0.930024073022609 0.0946507338241725 0.024870162716094 0.0702560652369699 0.0702308652245003
2 0.0615789473684211 0.76008547008547 0.971217948717949 0.231777777777778 0.770666269743106 0.0946507338241725 0.0512050623201927 0.125777492236532 0.124417050673129
2 0.113157894736842 0.76008547008547 0.947948717948718 0.311444444444444 0.694041822721948 0.0946507338241725 0.0669298790554558 0.131377869736272 0.129670885634988
2 0.164736842105263 0.76008547008547 0.92224358974359 0.362888888888889 0.646863807875395 0.0946507338241725 0.0746038121471191 0.143393570025573 0.139949527563478
2 0.216315789473684 0.76008547008547 0.903397435897436 0.418666666666667 0.596580930016513 0.0946507338241725 0.0853984499721093 0.142850394439149 0.137781238261986
2 0.267894736842105 0.76008547008547 0.882115384615385 0.459333333333333 0.563114439127642 0.0946507338241725 0.0967880106176858 0.147102539074348 0.141479772178127
2 0.319473684210526 0.76008547008547 0.857948717948718 0.505444444444444 0.52838818996673 0.0946507338241725 0.11028140396016 0.150241896652247 0.141980772564946
2 0.371052631578947 0.76008547008547 0.836858974358974 0.533333333333333 0.510717174117638 0.0946507338241725 0.11397807057118 0.150776350661147 0.138272178856262
2 0.422631578947368 0.76008547008547 0.812692307692308 0.567333333333333 0.490301243721171 0.0946507338241725 0.114375062021509 0.155586176239047 0.13782265125208
2 0.474210526315789 0.76008547008547 0.789294871794872 0.611333333333333 0.465152050889133 0.0946507338241725 0.120655238165564 0.159082824514443 0.136915441058016
2 0.52578947368421 0.76008547008547 0.767564102564103 0.652444444444444 0.441962563214587 0.0946507338241725 0.125643338122057 0.154041695639559 0.137106995073187
2 0.577368421052632 0.76008547008547 0.73224358974359 0.676444444444444 0.446138662883243 0.0946507338241725 0.134177934653761 0.154729891485508 0.138051348730368
2 0.628947368421053 0.76008547008547 0.690833333333333 0.700111111111111 0.45610265358336 0.0946507338241725 0.130727755584385 0.155375035546356 0.135983433054585
2 0.680526315789474 0.76008547008547 0.648461538461538 0.731333333333333 0.462513059936606 0.0946507338241725 0.121962493196247 0.145063681721452 0.132580737333969
2 0.732105263157895 0.76008547008547 0.613525641025641 0.760222222222222 0.47538044500906 0.0946507338241725 0.126179592863759 0.144476211649652 0.132176665133287
2 0.783684210526316 0.76008547008547 0.545320512820513 0.793888888888889 0.517343002415173 0.0946507338241725 0.141273401419229 0.134713905698622 0.139611272268833
2 0.835263157894737 0.76008547008547 0.472564102564103 0.828444444444444 0.56870378081342 0.0946507338241725 0.13650935130524 0.124494939250517 0.13479651405118
2 0.886842105263158 0.76008547008547 0.39775641025641 0.865111111111111 0.629420867627615 0.0946507338241725 0.129917261529169 0.117025742113633 0.123048438752794
2 0.938421052631579 0.76008547008547 0.29474358974359 0.914777777777778 0.71717429521163 0.0946507338241725 0.118602360431204 0.0960246751968689 0.11618883628724
2 0.99 0.76008547008547 0.136089743589744 0.961666666666667 0.866881205150403 0.0946507338241725 0.0901674187420229 0.060351363432925 0.0897925650921458
3 0.01 0.74812962962963 0.989102564102564 0.109333333333333 0.891152981093008 0.0958069536531897 0.0271582335181443 0.100772920192234 0.100684792118333
3 0.0615789473684211 0.74812962962963 0.964294871794872 0.250777777777778 0.751993821262563 0.0958069536531897 0.0496975408123408 0.138131537803202 0.136510453443522
3 0.113157894736842 0.74812962962963 0.938653846153846 0.305444444444444 0.701575655412961 0.0958069536531897 0.0705643368591877 0.135894729399225 0.131712136990865
3 0.164736842105263 0.74812962962963 0.915064102564103 0.362666666666667 0.649749863763069 0.0958069536531897 0.0856756221344948 0.15573598642739 0.15079274890322
3 0.216315789473684 0.74812962962963 0.895448717948718 0.410444444444444 0.607117261133694 0.0958069536531897 0.0936485988583758 0.148810137137318 0.143972243086776
3 0.267894736842105 0.74812962962963 0.871923076923077 0.454777777777778 0.571047246774716 0.0958069536531897 0.104738429424656 0.154245364186785 0.149037874118521
3 0.319473684210526 0.74812962962963 0.849102564102564 0.490333333333333 0.54613118881303 0.0958069536531897 0.112445737981472 0.163479858233014 0.153237396980092
3 0.371052631578947 0.74812962962963 0.820576923076923 0.545 0.506339790805083 0.0958069536531897 0.117114486014295 0.151126418647662 0.138633679261024
3 0.422631578947368 0.74812962962963 0.789230769230769 0.584333333333333 0.485821743408825 0.0958069536531897 0.117173958498676 0.154986090876352 0.136894122304372
3 0.474210526315789 0.74812962962963 0.765512820512821 0.618666666666667 0.469533214822231 0.0958069536531897 0.124826565341696 0.159144739970825 0.143680134053085
3 0.52578947368421 0.74812962962963 0.73974358974359 0.648888888888889 0.456237323636539 0.0958069536531897 0.118385254581168 0.147903838960486 0.136298928335984
3 0.577368421052632 0.74812962962963 0.705833333333333 0.675555555555556 0.458672575696339 0.0958069536531897 0.123736869051774 0.144793672623752 0.132310294167992
3 0.628947368421053 0.74812962962963 0.66448717948718 0.702444444444444 0.468711119653009 0.0958069536531897 0.117276427659311 0.148875152221572 0.130950076859664
3 0.680526315789474 0.74812962962963 0.636410256410256 0.733111111111111 0.469292539807701 0.0958069536531897 0.120208662445955 0.140350158011035 0.13103511451577
3 0.732105263157895 0.74812962962963 0.592692307692308 0.760888888888889 0.490240562783592 0.0958069536531897 0.127319591287684 0.137200557639485 0.132656611847771
3 0.783684210526316 0.74812962962963 0.540705128205128 0.788 0.522992582771976 0.0958069536531897 0.134645829119847 0.134568539625129 0.135774422500214
3 0.835263157894737 0.74812962962963 0.487948717948718 0.810333333333333 0.56145093953876 0.0958069536531897 0.137874425527309 0.127942410897628 0.134718689057
3 0.886842105263158 0.74812962962963 0.427435897435897 0.853222222222222 0.603719815303768 0.0958069536531897 0.129934847918399 0.115872127446347 0.122689032382553
3 0.938421052631579 0.74812962962963 0.333141025641026 0.891222222222222 0.684369586137029 0.0958069536531897 0.134987814385623 0.104330656549247 0.130991927275844
3 0.99 0.74812962962963 0.171987179487179 0.955666666666667 0.832633224480269 0.0958069536531897 0.107434444026642 0.0735587292183598 0.105773270062365
4 0.01 0.742861823361823 0.983589743589744 0.140111111111111 0.860922991658427 0.091146043454518 0.0371922117388822 0.115274360015864 0.114655938927834
4 0.0615789473684211 0.742861823361823 0.954166666666667 0.261111111111111 0.743263725910257 0.091146043454518 0.0631460296038377 0.128518567034408 0.126793863607123
4 0.113157894736842 0.742861823361823 0.933012820512821 0.319333333333333 0.688574938879389 0.091146043454518 0.0771029527311718 0.1325512039686 0.130803604024195
4 0.164736842105263 0.742861823361823 0.914871794871795 0.376111111111111 0.635057779605242 0.091146043454518 0.0790051050655716 0.14037143643599 0.13806842424518
4 0.216315789473684 0.742861823361823 0.892884615384615 0.421111111111111 0.596560001888329 0.091146043454518 0.0909166634458268 0.146756935796114 0.142869648029292
4 0.267894736842105 0.742861823361823 0.873525641025641 0.455111111111111 0.569271885184344 0.091146043454518 0.0977649494616642 0.14372105834323 0.137586615973908
4 0.319473684210526 0.742861823361823 0.846410256410256 0.497888888888889 0.538642197505484 0.091146043454518 0.110740371263295 0.14182371744099 0.133422632949753
4 0.371052631578947 0.742861823361823 0.811153846153846 0.54 0.513568881744448 0.091146043454518 0.118141051815086 0.153139811839771 0.14405699110581
4 0.422631578947368 0.742861823361823 0.785320512820513 0.570444444444444 0.496881374881405 0.091146043454518 0.11520999982033 0.155989614063638 0.145450187721142
4 0.474210526315789 0.742861823361823 0.759615384615385 0.604888888888889 0.482230670078685 0.091146043454518 0.117266800645169 0.160552419590421 0.143844860392493
4 0.52578947368421 0.742861823361823 0.726538461538462 0.627555555555556 0.485291100684587 0.091146043454518 0.129772918463951 0.156319113658326 0.137996243970932
4 0.577368421052632 0.742861823361823 0.691410256410256 0.668555555555556 0.47544450328368 0.091146043454518 0.129804258910087 0.144604547375199 0.128776677904743
4 0.628947368421053 0.742861823361823 0.661025641025641 0.699555555555556 0.47610261990852 0.091146043454518 0.13562533538893 0.145805723964427 0.133914569814817
4 0.680526315789474 0.742861823361823 0.631346153846154 0.718 0.486231148938242 0.091146043454518 0.136620028336244 0.141013204278961 0.131706692997755
4 0.732105263157895 0.742861823361823 0.588397435897436 0.753333333333333 0.500074152284856 0.091146043454518 0.141153008693667 0.133445519582321 0.133111623285274
4 0.783684210526316 0.742861823361823 0.541538461538462 0.783222222222222 0.525793359465271 0.091146043454518 0.148471023651613 0.123460667728106 0.133463004580143
4 0.835263157894737 0.742861823361823 0.48448717948718 0.805111111111111 0.567737535657188 0.091146043454518 0.143968090824075 0.126532703294909 0.134010404195039
4 0.886842105263158 0.742861823361823 0.411025641025641 0.843666666666667 0.621631788210878 0.091146043454518 0.128522916165478 0.115936252377281 0.121291815970188
4 0.938421052631579 0.742861823361823 0.338397435897436 0.874333333333333 0.681982797681687 0.091146043454518 0.119151633010357 0.103892264840087 0.115252620223368
4 0.99 0.742861823361823 0.196602564102564 0.946555555555556 0.808522590659089 0.091146043454518 0.109113501826109 0.073782168949683 0.109040990025961
