"size" "decay" "Accuracy" "Kappa" "AccuracySD" "KappaSD"
1 0.005 0.731901938641069 0.449614054295088 0.0953462321795575 0.201406681313373
1 0.01 0.733364389233954 0.453383555792285 0.0920303080664612 0.190649227927732
1 0.05 0.732923960097873 0.447425189533754 0.085747887749731 0.180555554169226
1 0.1 0.740105401844532 0.461632435757419 0.082483100717314 0.172985733970063
1 0.5 0.733817052512705 0.441538109647843 0.0872931113913936 0.188364007718604
1 1 0.729528514963298 0.427639187174941 0.0883703219606663 0.191983951940827
1 2 0.712625635234331 0.393228029064319 0.0877346204939526 0.187694272365914
1 5 0.580961791831357 0.160390296722339 0.0983177975411181 0.147266454765401
1 8 0.509635798983625 0 0.0701916996108282 0
1 10 0.506637492941841 0 0.0705419014158797 0
2 0.005 0.719627329192547 0.424942313127823 0.0828054648283726 0.172151768509532
2 0.01 0.727439299830604 0.443742664064536 0.0971580119058529 0.198473101858366
2 0.05 0.735698287220026 0.45731247672947 0.0939940510641669 0.195950118126454
2 0.1 0.735081874647092 0.453203361354206 0.087260423489854 0.182882730043713
2 0.5 0.730734048560135 0.434879751935329 0.0858829575565386 0.183604561021425
2 1 0.734923771880294 0.439979339626612 0.0878784312984876 0.189940835679229
2 2 0.727002635046113 0.421177690203565 0.0922015125979131 0.201544919180282
2 5 0.673989271597967 0.318203919514666 0.105370616034683 0.215038682303936
2 8 0.515081874647092 0.0107181500025087 0.0734901315639411 0.0570454301040843
2 10 0.498845285149633 0 0.0708471195352768 0
3 0.005 0.69813382269904 0.38470553271226 0.095098911563378 0.197456115874484
3 0.01 0.704714850367024 0.399828119915439 0.0890732525431887 0.182108511682081
3 0.05 0.727658573310747 0.442056646134379 0.0940934616129488 0.193337039901428
3 0.1 0.724900244682853 0.432743191750703 0.0914376034733702 0.19252965260659
3 0.5 0.72719273480143 0.428162217050719 0.0874783089360999 0.187841891525916
3 1 0.727277432712215 0.423670960850936 0.0846248444842823 0.182956968387466
3 2 0.721289290419725 0.407940408429859 0.0894186727126417 0.192871397374288
3 5 0.675223037831733 0.321319278924237 0.0990844952339273 0.207399955488805
3 8 0.505558065123282 0.0208654480520698 0.0830690963781386 0.0931044670260522
3 10 0.497388481084133 0 0.0708079957415005 0
5 0.005 0.68802747976661 0.367051802274266 0.0915748907427469 0.184355562860851
5 0.01 0.693202522115566 0.375933033063947 0.0882043112145379 0.181750320201143
5 0.05 0.718143233578016 0.425078386490751 0.0849443217457066 0.176947631497775
5 0.1 0.730437605872388 0.44648086932249 0.0851420537065049 0.178236056074552
5 0.5 0.733299454169019 0.440407641108716 0.0888477628771813 0.190442083920031
5 1 0.72819687558818 0.42491195920381 0.0850582457142374 0.182489128064187
5 2 0.716366459627329 0.397373629435561 0.0864365362904417 0.187201718835122
5 5 0.675920383963862 0.321670833961582 0.100063665257952 0.210306909416414
5 8 0.517735742518351 0.035963614544575 0.093459159346001 0.122522555757822
5 10 0.492476002258611 0 0.0704519610480054 0
7 0.005 0.696957462827028 0.384120119458773 0.0891667783381716 0.18015546523465
7 0.01 0.703402973837756 0.399016770130438 0.0936439893437042 0.188027722728295
7 0.05 0.722115565593827 0.430907978140118 0.0872136824546627 0.18133292008642
7 0.1 0.720789572746094 0.428159712308102 0.0881462330884745 0.18221863623442
7 0.5 0.729799548277809 0.433308543009527 0.0837128889895842 0.180885556339851
7 1 0.73124788255223 0.430664752923757 0.0841035537842763 0.182424511172656
7 2 0.718400150574064 0.402988980525152 0.0888661860665015 0.191863643344184
7 5 0.679959533220403 0.324302574570752 0.0980489880009394 0.211021330587298
7 8 0.51049218897045 0.0186378139474031 0.0764127297381143 0.0673591894248987
7 10 0.492566346696781 0 0.0704616477666716 0
9 0.005 0.702546583850932 0.397681738417931 0.0909684380120938 0.18136284107822
9 0.01 0.716916054959533 0.427649448143791 0.0836207778812693 0.169035535692628
9 0.05 0.715471485036702 0.419655926536471 0.0871594291695003 0.180123799869343
9 0.1 0.714941652550348 0.415861091581726 0.0970377991331261 0.201246248692189
9 0.5 0.729844720496894 0.431780110563668 0.0883226009642245 0.19146313444671
9 1 0.732485413137587 0.433490155809219 0.0877596386767294 0.188786587227701
9 2 0.72083850931677 0.404773978125382 0.0926195580915148 0.202385384962759
9 5 0.680659702616224 0.32829150609799 0.0925837093748437 0.197295774962778
9 8 0.505705815923207 0.0242593541215718 0.0825260605985418 0.0845688347242778
9 10 0.507010163749294 0 0.0705054777840033 0
11 0.005 0.708450028232637 0.410678990690246 0.0859723202571682 0.175081181616711
11 0.01 0.712760210803689 0.418066910110113 0.0808527861638789 0.163976433686058
11 0.05 0.699799548277809 0.389127713351484 0.0753086657074468 0.15378541584586
11 0.1 0.716165066817241 0.417942201817202 0.0878037728356012 0.182731078394044
11 0.5 0.732056277056277 0.436466176000218 0.0860664575419903 0.185920954476845
11 1 0.725926030491248 0.418244303941892 0.0791091105520057 0.174450291549861
11 2 0.720085638998682 0.405439997610587 0.0890804826010005 0.193078155992637
11 5 0.68407867494824 0.33714068499242 0.101794561931011 0.215816023624978
11 8 0.505040466779597 0.0172600225721743 0.0837548152090137 0.0976285491933203
11 10 0.502052512704687 0 0.0708265897749966 0
13 0.005 0.710544889892716 0.413412156015765 0.0908661459797174 0.180591467998901
13 0.01 0.707961603613777 0.409147732625885 0.0856076536431841 0.172088276199391
13 0.05 0.712000752870318 0.41373787797036 0.0860172258898408 0.174773668902591
13 0.1 0.723450028232637 0.435605990306566 0.0892848114662391 0.183271514536858
13 0.5 0.734151138716356 0.441275516351986 0.0850161558992701 0.183936173734784
13 1 0.734283832109919 0.435455761712339 0.084075926955119 0.182548096801235
13 2 0.713560135516657 0.391126312622615 0.0863464390646128 0.18714053745572
13 5 0.687210615471485 0.338122819955844 0.0948129433097817 0.204772499615237
13 8 0.514025974025974 0.0376047977281221 0.0905442685741715 0.111601916430219
13 10 0.499878599661208 0 0.0708565190668256 0
