   size decay
1     1 5e-03
2     2 5e-03
3     3 5e-03
4     5 5e-03
5     7 5e-03
6     9 5e-03
7    11 5e-03
8    13 5e-03
9     1 1e-02
10    2 1e-02
11    3 1e-02
12    5 1e-02
13    7 1e-02
14    9 1e-02
15   11 1e-02
16   13 1e-02
17    1 5e-02
18    2 5e-02
19    3 5e-02
20    5 5e-02
21    7 5e-02
22    9 5e-02
23   11 5e-02
24   13 5e-02
25    1 1e-01
26    2 1e-01
27    3 1e-01
28    5 1e-01
29    7 1e-01
30    9 1e-01
31   11 1e-01
32   13 1e-01
33    1 5e-01
34    2 5e-01
35    3 5e-01
36    5 5e-01
37    7 5e-01
38    9 5e-01
39   11 5e-01
40   13 5e-01
41    1 1e+00
42    2 1e+00
43    3 1e+00
44    5 1e+00
45    7 1e+00
46    9 1e+00
47   11 1e+00
48   13 1e+00
49    1 2e+00
50    2 2e+00
51    3 2e+00
52    5 2e+00
53    7 2e+00
54    9 2e+00
55   11 2e+00
56   13 2e+00
57    1 5e+00
58    2 5e+00
59    3 5e+00
60    5 5e+00
61    7 5e+00
62    9 5e+00
63   11 5e+00
64   13 5e+00
65    1 8e+00
66    2 8e+00
67    3 8e+00
68    5 8e+00
69    7 8e+00
70    9 8e+00
71   11 8e+00
72   13 8e+00
73    1 1e+01
74    2 1e+01
75    3 1e+01
76    5 1e+01
77    7 1e+01
78    9 1e+01
79   11 1e+01
80   13 1e+01
