"Continent"	"LC__RLa__PER"	"nonLC__RLa__PER"	"LC__RLa__NUM"	"nonLC__RLa__NUM"	"LC__RLro__PER"	"nonLC__RLro__PER"	"LC__RLro__NUM"	"nonLC__RLro__NUM"	"LC__RLr__PER"	"nonLC__RLr__PER"	"LC__RLr__NUM"	"nonLC__RLr__NUM"	"LC__RLa_MLp_BS__PER"	"nonLC__RLa_MLp_BS__PER"	"LC__RLa_MLp_BS__NUM"	"nonLC__RLa_MLp_BS__NUM"	"LC__RLro_MLpr_BS__PER"	"nonLC__RLro_MLpr_BS__PER"	"LC__RLro_MLpr_BS__NUM"	"nonLC__RLro_MLpr_BS__NUM"	"LC__RLr_MLpr_BS__PER"	"nonLC__RLr_MLpr_BS__PER"	"LC__RLr_MLpr_BS__NUM"	"nonLC__RLr_MLpr_BS__NUM"	"LC__RLa_MLp_WS__PER"	"nonLC__RLa_MLp_WS__PER"	"LC__RLa_MLp_WS__NUM"	"nonLC__RLa_MLp_WS__NUM"	"LC__RLro_MLpr_WS__PER"	"nonLC__RLro_MLpr_WS__PER"	"LC__RLro_MLpr_WS__NUM"	"nonLC__RLro_MLpr_WS__NUM"	"LC__RLr_MLpr_WS__PER"	"nonLC__RLr_MLpr_WS__PER"	"LC__RLr_MLpr_WS__NUM"	"nonLC__RLr_MLpr_WS__NUM"	"LC__RLro_MLpr_EG_BS__PER"	"nonLC__RLro_MLpr_EG_BS__PER"	"LC__RLro_MLpr_EG_BS__NUM"	"nonLC__RLro_MLpr_EG_BS__NUM"	"LC__RLro_MLpr_EG_WS__PER"	"nonLC__RLro_MLpr_EG_WS__PER"	"LC__RLro_MLpr_EG_WS__NUM"	"nonLC__RLro_MLpr_EG_WS__NUM"	"Category"
"1"	"A_World"	20	80	227	908	23.6016371077763	76.3983628922237	173	560	29.9212598425197	70.0787401574803	152	356	35.9810874704492	64.0189125295508	761	1354	44.4917257683215	55.5082742316785	941	1174	48.6772486772487	51.3227513227513	920	970	22.74231678487	77.25768321513	481	1634	25.9574468085106	74.0425531914894	549	1566	27.9365079365079	72.0634920634921	528	1362	41.393612608876	58.606387391124	998	1413	25.1347988386562	74.8652011613438	606	1805	"All_species"
"2"	"AfricaWAsia"	20.4166666666667	79.5833333333333	49	191	21.4912280701754	78.5087719298246	49	179	22.1719457013575	77.8280542986425	49	172	24.3445692883895	75.6554307116105	65	202	26.5917602996255	73.4082397003745	71	196	27.3076923076923	72.6923076923077	71	189	21.7228464419476	78.2771535580524	58	209	22.0973782771536	77.9026217228464	59	208	22.6923076923077	77.3076923076923	59	201	24.3986254295533	75.6013745704467	71	220	20.2749140893471	79.7250859106529	59	232	"All_species"
"3"	"Americas"	20.8530805687204	79.1469194312796	88	334	32.9787234042553	67.0212765957447	62	126	40.5660377358491	59.4339622641509	43	63	42.0103092783505	57.9896907216495	326	450	58.1185567010309	41.8814432989691	451	325	62.2478386167147	37.7521613832853	432	262	29.5103092783505	70.4896907216495	229	547	37.1134020618557	62.8865979381443	288	488	38.7608069164265	61.2391930835735	269	425	56.8265682656827	43.1734317343173	462	351	36.7773677736777	63.2226322263223	299	514	"All_species"
"4"	"EAsiaPacific"	19.0274841437632	80.9725158562368	90	383	19.5583596214511	80.4416403785489	62	255	33.1491712707182	66.8508287292818	60	121	34.5149253731343	65.4850746268657	370	702	39.0858208955224	60.9141791044776	419	653	44.5512820512821	55.4487179487179	417	519	18.0970149253731	81.9029850746269	194	878	18.8432835820896	81.1567164179104	202	870	21.3675213675214	78.6324786324786	200	736	35.5776587605203	64.4223412394797	465	842	18.9747513389441	81.0252486610559	248	1059	"All_species"
"5"	"A_World"	31.043956043956	68.956043956044	113	251	39.5	60.5	79	121	53.9007092198582	46.0992907801418	76	65	55.3977272727273	44.6022727272727	390	314	68.1818181818182	31.8181818181818	480	224	73.953488372093	26.046511627907	477	168	41.6193181818182	58.3806818181818	293	411	49.0056818181818	50.9943181818182	345	359	53.0232558139535	46.9767441860465	342	303	66.1396574440053	33.8603425559947	502	257	48.3530961791831	51.6469038208169	367	392	"Used_species"
"6"	"AfricaWAsia"	43.5897435897436	56.4102564102564	34	44	50	50	34	34	53.968253968254	46.031746031746	34	29	50.5263157894737	49.4736842105263	48	47	56.8421052631579	43.1578947368421	54	41	60	40	54	36	45.2631578947368	54.7368421052632	43	52	46.3157894736842	53.6842105263158	44	51	48.8888888888889	51.1111111111111	44	46	54	46	54	46	44	56	44	56	"Used_species"
"7"	"Americas"	27.0491803278689	72.9508196721311	33	89	50	50	19	19	55.1724137931034	44.8275862068966	16	13	61.4107883817427	38.5892116182573	148	93	85.8921161825726	14.1078838174274	207	34	87.9310344827586	12.0689655172414	204	28	52.2821576763486	47.7178423236515	126	115	69.2946058091286	30.7053941908714	167	74	70.6896551724138	29.3103448275862	164	68	85.8870967741936	14.1129032258065	213	35	69.758064516129	30.241935483871	173	75	"Used_species"
"8"	"EAsiaPacific"	28.0487804878049	71.9512195121951	46	118	27.6595744680851	72.3404255319149	26	68	53.0612244897959	46.9387755102041	26	23	52.7173913043478	47.2826086956522	194	174	59.5108695652174	40.4891304347826	219	149	67.8018575851393	32.1981424148607	219	104	33.695652173913	66.304347826087	124	244	36.4130434782609	63.5869565217391	134	234	41.4860681114551	58.5139318885449	134	189	57.1776155717762	42.8223844282238	235	176	36.4963503649635	63.5036496350365	150	261	"Used_species"
"9"	"A_World"	32.1637426900585	67.8362573099415	55	116	47.2527472527472	52.7472527472528	43	48	55.1282051282051	44.8717948717949	43	35	60	40	201	134	76.7164179104478	23.2835820895522	257	78	79.8136645962733	20.1863354037267	257	65	50.4477611940299	49.5522388059701	169	166	60.5970149253731	39.4029850746269	203	132	63.0434782608696	36.9565217391304	203	119	76.3532763532764	23.6467236467236	268	83	60.968660968661	39.031339031339	214	137	"Used_speciesF"
"10"	"AfricaWAsia"	48.8372093023256	51.1627906976744	21	22	52.5	47.5	21	19	55.2631578947368	44.7368421052632	21	17	55.7692307692308	44.2307692307692	29	23	61.5384615384615	38.4615384615385	32	20	64	36	32	18	53.8461538461538	46.1538461538462	28	24	53.8461538461538	46.1538461538462	28	24	56	44	28	22	60.377358490566	39.622641509434	32	21	52.8301886792453	47.1698113207547	28	25	"Used_speciesF"
"11"	"Americas"	20	80	15	60	47.6190476190476	52.3809523809524	10	11	52.6315789473684	47.3684210526316	10	9	61.7283950617284	38.2716049382716	100	62	88.8888888888889	11.1111111111111	144	18	90	10	144	16	54.320987654321	45.679012345679	88	74	74.0740740740741	25.9259259259259	120	42	75	25	120	40	88.622754491018	11.377245508982	148	19	74.251497005988	25.748502994012	124	43	"Used_speciesF"
"12"	"EAsiaPacific"	35.8490566037736	64.1509433962264	19	34	40	60	12	18	57.1428571428571	42.8571428571429	12	9	59.504132231405	40.495867768595	72	49	66.9421487603306	33.0578512396694	81	40	72.3214285714286	27.6785714285714	81	31	43.801652892562	56.198347107438	53	68	45.4545454545455	54.5454545454545	55	66	49.1071428571429	50.8928571428571	55	57	67.175572519084	32.824427480916	88	43	47.3282442748092	52.6717557251908	62	69	"Used_speciesF"
"13"	"A_World"	34.6153846153846	65.3846153846154	90	170	45.7142857142857	54.2857142857143	64	76	60.3960396039604	39.6039603960396	61	40	59.5978062157221	40.4021937842779	326	221	73.308957952468	26.691042047532	401	146	78.3464566929134	21.6535433070866	398	110	45.3382084095064	54.6617915904936	248	299	53.7477148080439	46.2522851919561	294	253	57.2834645669291	42.7165354330709	291	217	70.7979626485569	29.2020373514431	417	172	52.6315789473684	47.3684210526316	310	279	"Used_speciesMa"
"14"	"AfricaWAsia"	48.2142857142857	51.7857142857143	27	29	55.1020408163265	44.8979591836735	27	22	60	40	27	18	55.7142857142857	44.2857142857143	39	31	61.4285714285714	38.5714285714286	43	27	65.1515151515152	34.8484848484849	43	23	50	50	35	35	51.4285714285714	48.5714285714286	36	34	54.5454545454545	45.4545454545455	36	30	58.1081081081081	41.8918918918919	43	31	48.6486486486487	51.3513513513513	36	38	"Used_speciesMa"
"15"	"Americas"	25.5555555555556	74.4444444444444	23	67	53.5714285714286	46.4285714285714	15	13	63.1578947368421	36.8421052631579	12	7	63.9175257731959	36.0824742268041	124	70	88.659793814433	11.340206185567	172	22	91.3513513513514	8.64864864864865	169	16	53.6082474226804	46.3917525773196	104	90	70.6185567010309	29.3814432989691	137	57	72.4324324324324	27.5675675675676	134	51	88.5	11.5	177	23	71	29	142	58	"Used_speciesMa"
"16"	"EAsiaPacific"	35.0877192982456	64.9122807017544	40	74	34.9206349206349	65.0793650793651	22	41	59.4594594594595	40.5405405405405	22	15	57.5971731448763	42.4028268551237	163	120	65.7243816254417	34.2756183745583	186	97	72.3735408560311	27.6264591439689	186	71	38.5159010600707	61.4840989399293	109	174	42.756183745583	57.243816254417	121	162	47.0817120622568	52.9182879377432	121	136	62.5396825396825	37.4603174603175	197	118	41.9047619047619	58.0952380952381	132	183	"Used_speciesMa"
"17"	"A_World"	44.6043165467626	55.3956834532374	62	77	64.2857142857143	35.7142857142857	45	25	84.9056603773585	15.0943396226415	45	8	68.9922480620155	31.0077519379845	178	80	87.5968992248062	12.4031007751938	226	32	93.7759336099585	6.22406639004149	226	15	62.015503875969	37.984496124031	160	98	77.5193798449613	22.4806201550388	200	58	82.9875518672199	17.0124481327801	200	41	86.1313868613139	13.8686131386861	236	38	76.6423357664234	23.3576642335766	210	64	"Used_speciesMe"
"18"	"AfricaWAsia"	75.8620689655172	24.1379310344828	22	7	84.6153846153846	15.3846153846154	22	4	88	12	22	3	81.5789473684211	18.4210526315789	31	7	86.8421052631579	13.1578947368421	33	5	89.1891891891892	10.8108108108108	33	4	73.6842105263158	26.3157894736842	28	10	76.3157894736842	23.6842105263158	29	9	78.3783783783784	21.6216216216216	29	8	84.6153846153846	15.3846153846154	33	6	74.3589743589744	25.6410256410256	29	10	"Used_speciesMe"
"19"	"Americas"	29.0909090909091	70.9090909090909	16	39	80	20	8	2	88.8888888888889	11.1111111111111	8	1	65.8333333333333	34.1666666666667	79	41	96.6666666666667	3.33333333333333	116	4	97.4789915966387	2.52100840336134	116	3	60	40	72	48	87.5	12.5	105	15	88.2352941176471	11.7647058823529	105	14	95.9349593495935	4.0650406504065	118	5	86.9918699186992	13.0081300813008	107	16	"Used_speciesMe"
"20"	"EAsiaPacific"	43.6363636363636	56.3636363636364	24	31	44.1176470588235	55.8823529411765	15	19	78.9473684210526	21.0526315789474	15	4	68	32	68	32	77	23	77	23	90.5882352941177	9.41176470588235	77	8	60	40	60	40	66	34	66	34	77.6470588235294	22.3529411764706	66	19	75.8928571428571	24.1071428571429	85	27	66.0714285714286	33.9285714285714	74	38	"Used_speciesMe"
"21"	"A_World"	27.4509803921569	72.5490196078431	28	74	48.7179487179487	51.2820512820513	19	20	61.2903225806452	38.7096774193548	19	12	56.8627450980392	43.1372549019608	116	88	78.921568627451	21.078431372549	161	43	82.1428571428571	17.8571428571429	161	35	46.078431372549	53.921568627451	94	110	62.2549019607843	37.7450980392157	127	77	64.7959183673469	35.2040816326531	127	69	78.3018867924528	21.6981132075472	166	46	62.2641509433962	37.7358490566038	132	80	"Used_speciesC"
"22"	"AfricaWAsia"	77.7777777777778	22.2222222222222	7	2	87.5	12.5	7	1	87.5	12.5	7	1	80	20	12	3	86.6666666666667	13.3333333333333	13	2	86.6666666666667	13.3333333333333	13	2	80	20	12	3	80	20	12	3	80	20	12	3	86.6666666666667	13.3333333333333	13	2	80	20	12	3	"Used_speciesC"
"23"	"Americas"	14.8148148148148	85.1851851851852	8	46	40	60	4	6	50	50	4	4	57.5221238938053	42.4778761061947	65	48	91.1504424778761	8.84955752212389	103	10	92.7927927927928	7.20720720720721	103	8	49.5575221238938	50.4424778761062	56	57	76.9911504424779	23.0088495575221	87	26	78.3783783783784	21.6216216216216	87	24	90.6779661016949	9.32203389830508	107	11	77.1186440677966	22.8813559322034	91	27	"Used_speciesC"
"24"	"EAsiaPacific"	33.3333333333333	66.6666666666667	13	26	38.0952380952381	61.9047619047619	8	13	53.3333333333333	46.6666666666667	8	7	51.3157894736842	48.6842105263158	39	37	59.2105263157895	40.7894736842105	45	31	64.2857142857143	35.7142857142857	45	25	34.2105263157895	65.7894736842105	26	50	36.8421052631579	63.1578947368421	28	48	40	60	28	42	58.2278481012658	41.7721518987342	46	33	36.7088607594937	63.2911392405063	29	50	"Used_speciesC"
"25"	"A_World"	22.4056603773585	77.5943396226415	95	329	26.2357414448669	73.7642585551331	69	194	38.3720930232558	61.6279069767442	66	106	40.3636363636364	59.6363636363636	333	492	48.7272727272727	51.2727272727273	402	423	54.3596730245232	45.6403269754768	399	335	24.969696969697	75.030303030303	206	619	27.8787878787879	72.1212121212121	230	595	30.9264305177112	69.0735694822888	227	507	45.4831932773109	54.5168067226891	433	519	27.4159663865546	72.5840336134454	261	691	"FD_species"
"26"	"AfricaWAsia"	32.9113924050633	67.0886075949367	26	53	33.3333333333333	66.6666666666667	26	52	33.3333333333333	66.6666666666667	26	52	40.625	59.375	39	57	41.6666666666667	58.3333333333333	40	56	41.6666666666667	58.3333333333333	40	56	34.375	65.625	33	63	35.4166666666667	64.5833333333333	34	62	35.4166666666667	64.5833333333333	34	62	40.4040404040404	59.5959595959596	40	59	34.3434343434343	65.6565656565657	34	65	"FD_species"
"27"	"Americas"	19.3548387096774	80.6451612903226	18	75	55.5555555555556	44.4444444444444	15	12	60.8695652173913	39.1304347826087	14	9	46.4285714285714	53.5714285714286	91	105	67.8571428571429	32.1428571428571	133	63	68.75	31.25	132	60	33.1632653061224	66.8367346938776	65	131	42.3469387755102	57.6530612244898	83	113	42.7083333333333	57.2916666666667	82	110	66.8316831683168	33.1683168316832	135	67	42.0792079207921	57.9207920792079	85	117	"FD_species"
"28"	"EAsiaPacific"	20.2380952380952	79.7619047619048	51	201	17.7215189873418	82.2784810126582	28	130	36.6197183098592	63.3802816901408	26	45	38.0863039399625	61.9136960600375	203	330	42.9643527204503	57.0356472795497	229	304	50.8968609865471	49.1031390134529	227	219	20.2626641651032	79.7373358348968	108	425	21.2007504690432	78.7992495309568	113	420	24.8878923766816	75.1121076233184	111	335	39.63133640553	60.36866359447	258	393	21.8125960061444	78.1874039938556	142	509	"FD_species"
"29"	"A_World"	25.531914893617	74.468085106383	96	280	32.15859030837	67.84140969163	73	154	45.1388888888889	54.8611111111111	65	79	42.0621931260229	57.9378068739771	257	354	53.518821603928	46.481178396072	327	284	60.4166666666667	39.5833333333333	319	209	30.9328968903437	69.0671031096563	189	422	35.6792144026187	64.3207855973813	218	393	39.7727272727273	60.2272727272727	210	318	50.2202643171806	49.7797356828194	342	339	34.2143906020558	65.7856093979442	233	448	"ED_species"
"30"	"AfricaWAsia"	42.0454545454545	57.9545454545455	37	51	46.25	53.75	37	43	50.6849315068493	49.3150684931507	37	36	49.5327102803738	50.4672897196262	53	54	54.2056074766355	45.7943925233645	58	49	58	42	58	42	42.9906542056075	57.0093457943925	46	61	43.9252336448598	56.0747663551402	47	60	47	53	47	53	50	50	58	58	40.5172413793103	59.4827586206897	47	69	"ED_species"
"31"	"Americas"	22.6993865030675	77.3006134969325	37	126	32.3943661971831	67.6056338028169	23	48	41.025641025641	58.974358974359	16	23	43.5684647302905	56.4315352697095	105	136	64.3153526970954	35.6846473029046	155	86	70.8133971291866	29.1866028708134	148	61	34.0248962655602	65.9751037344398	82	159	44.8132780082988	55.1867219917012	108	133	48.3253588516746	51.6746411483254	101	108	62.2047244094488	37.7952755905512	158	96	43.7007874015748	56.2992125984252	111	143	"ED_species"
"32"	"EAsiaPacific"	17.6	82.4	22	103	17.1052631578947	82.8947368421053	13	63	37.5	62.5	12	20	37.6425855513308	62.3574144486692	99	164	43.3460076045627	56.6539923954373	114	149	51.5981735159817	48.4018264840183	113	106	23.1939163498099	76.8060836501901	61	202	23.9543726235741	76.0456273764259	63	200	28.310502283105	71.689497716895	62	157	40.5144694533762	59.4855305466238	126	185	24.1157556270096	75.8842443729904	75	236	"ED_species"
"33"	"A_World"	22.4904701397713	77.5095298602287	177	610	26.9473684210526	73.0526315789474	128	347	37.5394321766561	62.4605678233439	119	198	41.3388543823326	58.6611456176674	599	850	51.3457556935818	48.6542443064182	744	705	56.9326103795507	43.0673896204493	735	556	27.7432712215321	72.2567287784679	402	1047	31.8840579710145	68.1159420289855	462	987	35.0890782339272	64.9109217660728	453	838	48.1572481572482	51.8427518427518	784	844	30.8353808353808	69.1646191646192	502	1126	"Interesting_species"
"34"	"AfricaWAsia"	28.3018867924528	71.6981132075472	45	114	30.2013422818792	69.7986577181208	45	104	31.6901408450704	68.3098591549296	45	97	33.8888888888889	66.1111111111111	61	119	37.2222222222222	62.7777777777778	67	113	38.728323699422	61.271676300578	67	106	30	70	54	126	30.5555555555556	69.4444444444444	55	125	31.7919075144509	68.2080924855491	55	118	34.8958333333333	65.1041666666667	67	125	28.6458333333333	71.3541666666667	55	137	"Interesting_species"
"35"	"Americas"	22.0973782771536	77.9026217228464	59	208	38	62	38	62	47.6923076923077	52.3076923076923	31	34	48.5655737704918	51.4344262295082	237	251	69.0573770491803	30.9426229508197	337	151	72.8476821192053	27.1523178807947	330	123	37.0901639344262	62.9098360655738	181	307	47.5409836065574	52.4590163934426	232	256	49.6688741721854	50.3311258278146	225	228	67.5146771037182	32.4853228962818	345	166	46.9667318982387	53.0332681017613	240	271	"Interesting_species"
"36"	"EAsiaPacific"	20.2216066481994	79.7783933518006	73	288	19.9115044247788	80.0884955752212	45	181	39.0909090909091	60.9090909090909	43	67	38.5403329065301	61.4596670934699	301	480	43.5339308578745	56.4660691421255	340	441	50.8270676691729	49.1729323308271	338	327	21.3828425096031	78.6171574903969	167	614	22.4071702944942	77.5928297055058	175	606	26.015037593985	73.984962406015	173	492	40.2162162162162	59.7837837837838	372	553	22.3783783783784	77.6216216216216	207	718	"Interesting_species"
